11
0.2244928741455078 -0.8815634918212891 0.006407124996185303 -0.5537314987182618 0.01
0.40177539825439457 -0.7591541290283204 1.1882908630371094 -1.1995465850830078 0.01
1.4626568603515626 -1.0771369934082031 0.6465941619873047 -0.6494078826904297 0.01
0.40177539825439457 -0.3736349868774414 0.9955313873291016 -0.17946836471557617 0.01
0.005 -0.3272036361694336 0.40318248748779295 -0.3553440093994141 0.01
0.40318248748779295 -0.3553440093994141 0.40318248748779295 -1.1587435150146486 0.01
0.8041786193847656 -1.2136165618896484 0.5678020095825196 -1.4964245605468751 0.01
0.006748625040054321 -0.005 1.4620742797851562 -0.005 0.01
1.4620742797851562 -0.005 1.4620742797851562 -1.4954591369628907 0.01
1.4620742797851562 -1.4954591369628907 0.0067486572265625005 -1.4954591369628907 0.01
0.0067486572265625005 -1.4954591369628907 0.0 -0.0 0.01
0.2412885856628418 -1.3544134521484374 0.2043813705444336 -0.08453536987304687