11
2.065653839111328 -0.7551563262939454 2.3880023193359374 -1.1431681823730468 0.01
1.8646836853027344 -0.5283185958862304 2.3760635375976564 -0.005 0.01
1.5741720581054688 -0.5342879867553711 1.91243896484375 -1.0675558471679687 0.01
1.1881498718261718 -0.42086910247802733 1.7492750549316407 -0.005 0.01
0.8996282196044922 -0.381072998046875 1.104578094482422 -0.7790338134765625 0.01
0.5971778869628906 -0.34127681732177734 0.9911592102050781 -0.0069896000623703 0.01
0.4618711090087891 -0.550206413269043 2.121368408203125 -1.1451580810546875 0.01
0.005 -0.006690899729728699 2.5601202392578126 -0.006690899729728699 0.01
2.5601202392578126 -0.006690899729728699 2.5601202392578126 -1.1463648223876954 0.01
2.5601202392578126 -1.1463648223876954 0.005 -1.1463648223876954 0.01
0.005 -1.1463648223876954 0.0 -0.0 0.01
0.1991372299194336 -0.15463097572326662 2.352452697753906 -0.8524120330810547