21
0.005 -0.005 1.9089132690429689 -0.005 0.01
1.9089132690429689 -0.005 1.9089132690429689 -1.5067056274414063 0.01
1.9089132690429689 -1.5067056274414063 0.005 -1.5067056274414063 0.01
0.005 -1.5067056274414063 0.0 -0.0 0.01
0.880830078125 -0.5749203872680664 0.880830078125 -1.3133978271484374 0.01
0.880830078125 -1.3133978271484374 0.5188217544555664 -1.1517713165283203 0.01
0.6997055053710938 -1.0180351257324218 0.6997055053710938 -0.3926486587524414 0.01
0.6997055053710938 -0.3926486587524414 1.2212031555175782 -0.3926486587524414 0.01
1.2212031555175782 -0.3926486587524414 1.2212031555175782 -1.0147833251953124 0.01
0.5197618103027344 -1.1508907318115236 0.5197618103027344 -0.15075576782226563 0.01
0.33681304931640627 -0.41086956024169924 0.33681304931640627 -1.2378701782226562 0.01
0.165489559173584 -0.15387640953063966 0.165489559173584 -0.9270443725585937 0.01
0.8796368408203126 -0.15062232971191405 0.16056869506835938 -0.15062232971191405 0.01
0.33830062866210936 -1.2323471069335938 0.006167193055152893 -1.5026467895507813 0.01
1.0380589294433593 -0.5749203872680664 1.0380589294433593 -1.3133978271484374 0.01
1.0380589294433593 -1.3133978271484374 1.400067138671875 -1.1517713165283203 0.01
1.399127197265625 -1.1508907318115236 1.399127197265625 -0.15075576782226563 0.01
1.5820759582519532 -0.41086956024169924 1.5820759582519532 -1.2378701782226562 0.01
1.7533993530273437 -0.15387640953063966 1.7533993530273437 -0.9270443725585937 0.01
1.039252166748047 -0.15062232971191405 1.7583203125 -0.15062232971191405 0.01
1.58058837890625 -1.2323471069335938 1.9127218627929687 -1.5026467895507813 0.01
0.9469566345214844 -1.4220755004882812 0.9469566345214844 -0.0632001781463623