27
-2.7828571462631224 0.3763779640197754 2.77020987033844 0.3763779640197754 0.01
2.77020987033844 0.3763779640197754 2.77020987033844 -0.30933629989624023 0.01
2.77020987033844 -0.30933629989624023 -2.7828571462631224 -0.30933629989624023 0.01
-2.7828571462631224 -0.30933629989624023 -2.7828571462631224 0.3763779640197754 0.01
-2.7828571462631224 0.3763779640197754 -2.8000000000000003 0.4 0.01
-2.1076649475097655 0.3718629050254822 -1.589961700439453 -0.14584026336669922 0.01
-1.589961700439453 -0.14584026336669922 -1.067207794189453 0.3769136667251587 0.01
-0.40720779418945313 -0.3007895660400391 -0.9249110412597656 0.2169136619567871 0.01
-0.9249110412597656 0.2169136619567871 -1.4476649475097656 -0.30584030151367186 0.01
-0.8476649475097656 0.3718629050254822 -0.3299617004394531 -0.14584026336669922 0.01
-0.3299617004394531 -0.14584026336669922 -0.32743637084960936 0.3769136667251587 0.01
-0.15857147216796874 -0.30576492309570313 -0.15857147216796874 0.23352081298828126 0.01
-0.15857147216796874 0.23352081298828126 0.2628570556640625 0.23352081298828126 0.01
0.2628570556640625 0.23352081298828126 0.2628570556640625 -0.30219345092773436 0.01
0.793214111328125 0.37352082014083865 0.793214111328125 -0.16576488494873048 0.01
0.793214111328125 -0.16576488494873048 0.44142852783203124 -0.16576488494873048 0.01
0.44142852783203124 -0.16576488494873048 0.44142852783203124 0.36994941711425783 0.01
1.0344189453125001 -0.3099900817871094 1.0344189453125001 0.1875100326538086 0.01
1.2890615844726563 -0.13100528717041016 1.2890615844726563 0.37154560089111327 0.01
1.4890618896484376 -0.3150408172607422 1.4890618896484376 0.1925608444213867 0.01
1.7052548217773438 0.37691367387771607 1.7052548217773438 0.10552492141723634 0.01
1.7052548217773438 -0.03632598876953125 1.7052548217773438 -0.30592903137207034 0.01
1.9052548217773437 0.17711671829223632 1.9052548217773437 -0.1032006072998047 0.01
2.125254821777344 0.37691367387771607 2.125254821777344 0.10552492141723634 0.01
2.125254821777344 -0.03632598876953125 2.125254821777344 -0.30592903137207034 0.01
2.1232144165039064 -0.03790771484375 2.7625 -0.03790771484375 0.01
2.1232144165039064 0.10923511505126954 2.7625 0.10923511505126954 0.01
-2.7278335666656495 0.3267885828018188 2.6685955810546877 0.05964569091796875