21
0.005 -0.005 1.543678436279297 -0.005 0.01
1.543678436279297 -0.005 1.543678436279297 -1.5436703491210937 0.01
1.543678436279297 -1.5436703491210937 0.005 -1.5436703491210937 0.01
0.005 -1.5436703491210937 0.005 -0.005 0.01
0.005 -0.005 0.0 -0.0 0.01
0.47880771636962893 -0.31847711563110354 0.7842147064208984 -0.008249812126159668 0.01
0.7842147064208984 -0.008249812126159668 1.2828448486328126 -0.7803175354003906 0.01
1.2589151000976562 -0.4764122009277344 1.540256805419922 -0.7731387329101562 0.01
1.540256805419922 -0.7731387329101562 0.7875006103515625 -1.282838134765625 0.01
0.28258432388305665 -0.785103530883789 0.7827146148681641 -1.5385987854003906 0.01
0.7827146148681641 -1.5385987854003906 1.0914073944091798 -1.2517298126220704 0.01
0.31203292846679687 -1.1025010681152343 0.007964222431182862 -0.7827104949951172 0.01
0.007964222431182862 -0.7827104949951172 0.7779286956787109 -0.2849758148193359 0.01
0.22190382003784181 -0.37983772277832034 0.37505382537841797 -0.22190261840820313 0.01
1.1903752899169922 -0.22190261840820313 1.3483111572265625 -0.37983772277832034 0.01
1.1951612854003906 -1.3506973266601563 1.3507041931152344 -1.1903693389892578 0.01
0.22429681777954102 -1.1927622222900391 0.37505382537841797 -1.3435183715820314 0.01
0.6678522491455078 -0.624775505065918 0.6319577407836914 -0.9406455230712891 0.01
0.6319577407836914 -0.9406455230712891 0.9454365539550782 -0.9406455230712891 0.01
0.9454365539550782 -0.9406455230712891 0.8999701690673828 -0.6295614242553711 0.01
0.8999701690673828 -0.6295614242553711 0.6678522491455078 -0.6247755432128906 0.01
0.1867120361328125 -1.3633038330078124 1.3877291870117188 -0.16229278564453126