49
0.005 -0.0066682732105255126 1.9994772338867188 -0.0066682732105255126 0.01
1.9994772338867188 -0.0066682732105255126 1.9994772338867188 -1.4419024658203126 0.01
1.9994772338867188 -1.4419024658203126 0.005 -1.4419024658203126 0.01
0.005 -1.4419024658203126 0.0 -0.0 0.01
1.563011474609375 -0.7987782287597657 1.563011474609375 -0.3305531692504883 0.01
1.8547213745117188 -0.33219806671142577 1.8547213745117188 -0.9329928588867188 0.01
1.7056907653808595 -0.5108761215209962 1.7056907653808595 -1.1042404937744141 0.01
1.700478057861328 -1.1080877685546875 1.9982901000976563 -1.1080877685546875 0.01
1.5583944702148438 -0.3269936752319336 2.001009216308594 -0.33022136688232423 0.01
0.9563180541992188 -0.6401242065429688 0.42668514251708983 -1.4370936584472656 0.01
1.1329226684570313 -0.9662686157226563 1.1329226684570313 -1.4346414184570313 0.01
1.1304705047607422 -1.0986881256103516 0.855822525024414 -1.0986881256103516 0.01
1.1329226684570313 -1.297317352294922 1.4173794555664063 -0.9858863067626953 0.01
0.6424799346923828 -0.6229587173461915 0.0049044272303581235 -0.6670985412597656 0.01
0.9024146270751954 -0.005000883936882019 0.8705358123779297 -0.40961612701416017 0.01
0.23050807952880858 -0.6450286102294922 0.551748046875 -0.2355089569091797 0.01
0.6277666854858398 -1.1330191040039064 0.6274310812310978 -1.1329254501283867 0.01
0.6274310812310978 -1.1329254501283867 0.6270000405171595 -1.1327601996390149 0.01
0.6270000405171595 -1.1327601996390149 0.6264751138445172 -1.1325244961172576 0.01
0.6264751138445172 -1.1325244961172576 0.6258578517136629 -1.1322194831445813 0.01
0.6258578517136629 -1.1322194831445813 0.6251498046250891 -1.1318463043024531 0.01
0.6251498046250891 -1.1318463043024531 0.6243525230792875 -1.1314061031723395 0.01
0.6243525230792875 -1.1314061031723395 0.6224964586179703 -1.1303292083740235 0.01
0.6224964586179703 -1.1303292083740235 0.6203020623336488 -1.1289979474013672 0.01
0.6203020623336488 -1.1289979474013672 0.6177817382302601 -1.1274214689061046 0.01
0.6177817382302601 -1.1274214689061046 0.6149478903117415 -1.1256089215399698 0.01
0.6149478903117415 -1.1256089215399698 0.6118129225820303 -1.1235694539546968 0.01
0.6118129225820303 -1.1235694539546968 0.6083892390450637 -1.1213122148020194 0.01
0.6083892390450637 -1.1213122148020194 0.6046892437047791 -1.1188463527336716 0.01
0.6046892437047791 -1.1188463527336716 0.6007253405651136 -1.1161810164013877 0.01
0.6007253405651136 -1.1161810164013877 0.5965099336300045 -1.1133253544569015 0.01
0.5965099336300045 -1.1133253544569015 0.5873742243892047 -1.1070796483382583 0.01
0.5873742243892047 -1.1070796483382583 0.5773813480138779 -1.1001824235916138 0.01
0.5773813480138779 -1.1001824235916138 0.566630536535522 -1.09270686943084 0.01
0.566630536535522 -1.09270686943084 0.5552210219856352 -1.084726175069809 0.01
0.5552210219856352 -1.084726175069809 0.5432520363957155 -1.0763135297223927 0.01
0.5432520363957155 -1.0763135297223927 0.5308228117972612 -1.0675421226024628 0.01
0.5308228117972612 -1.0675421226024628 0.5180325802217703 -1.0584851429238915 0.01
0.5180325802217703 -1.0584851429238915 0.5049805737007409 -1.0492157799005508 0.01
0.5049805737007409 -1.0492157799005508 0.4917660242656712 -1.0398072227463127 0.01
0.4917660242656712 -1.0398072227463127 0.4784881639480591 -1.030332660675049 0.01
0.4784881639480591 -1.030332660675049 0.45213943879120055 -1.0114782786369323 0.01
0.45213943879120055 -1.0114782786369323 0.42672825448215007 -0.9932381474971771 0.01
0.42672825448215007 -0.9932381474971771 0.4030484672728926 -0.9761977809667588 0.01
0.4030484672728926 -0.9761977809667588 0.3818939334154129 -0.9609426927566529 0.01
0.3818939334154129 -0.9609426927566529 0.36405850916169585 -0.9480583965778351 0.01
0.36405850916169585 -0.9480583965778351 0.35033605076372626 -0.9381304061412812 0.01
0.35033605076372626 -0.9381304061412812 0.3384054565429688 -0.9294853973388673 0.01
0.8901535034179687 -0.2207956886291504 1.2212023162841796 -0.20485628128051758 0.01
0.8148851013183593 -0.5345109939575196 1.9175674438476562 -0.6881163787841797