25
0.2335791015625 -0.187412109375 0.2335791015625 -0.401697998046875 0.01
0.09000762939453125 -0.067412109375 0.09000762939453125 -0.281697998046875 0.01
-0.0664208984375 -0.187412109375 -0.0664208984375 -0.401697998046875 0.01
-0.38999237060546876 -0.067412109375 -0.38999237060546876 -0.281697998046875 0.01
-0.5464208984375 -0.187412109375 -0.5464208984375 -0.401697998046875 0.01
-0.6899923706054688 -0.067412109375 -0.6899923706054688 -0.281697998046875 0.01
-0.9592781066894531 -0.187412109375 -0.9592781066894531 -0.401697998046875 0.01
-1.2228494262695313 -0.067412109375 -1.2228494262695313 -0.281697998046875 0.01
-1.8403060150146484 -0.6413146972656251 -1.345706787109375 -0.40202911376953127 0.01
-1.345706787109375 -0.40202911376953127 0.4825152587890625 -0.40202911376953127 0.01
0.4825152587890625 -0.40202911376953127 0.4828643798828125 -0.3128701782226563 0.01
0.4828643798828125 -0.3128701782226563 0.9082546997070313 -0.29870819091796874 0.01
0.9082546997070313 -0.29870819091796874 0.907862548828125 -0.48437133789062503 0.01
0.907862548828125 -0.48437133789062503 1.570498046875 -0.482322998046875 0.01
1.570498046875 -0.482322998046875 1.5696371459960938 -0.2985406494140625 0.01
1.5696371459960938 -0.2985406494140625 1.9006472778320314 -0.29824554443359375 0.01
-1.842958984375 -0.6388150024414062 -1.8424510192871093 0.16229248046875 0.01
-1.8424510192871093 0.16229248046875 -1.340350341796875 -0.06202911376953125 0.01
-1.340350341796875 -0.06202911376953125 0.4838671875 -0.06202911376953125 0.01
0.4838671875 -0.06202911376953125 0.4846502685546875 -0.16229827880859377 0.01
0.4846502685546875 -0.16229827880859377 0.9047689819335938 -0.1859014892578125 0.01
0.9047689819335938 -0.1859014892578125 0.90072265625 0.02648529052734375 0.01
0.90072265625 0.02648529052734375 1.5665548706054688 0.024472656250000002 0.01
1.5665548706054688 0.024472656250000002 1.5712017822265625 -0.16236541748046876 0.01
1.5712017822265625 -0.16236541748046876 1.8946148681640624 -0.16291748046875001 0.01
-1.789302520751953 -0.20792999267578124 1.8706976318359376 -0.20792999267578124