12
0.005 -0.006690899729728699 2.5601202392578126 -0.006690899729728699 0.01
2.5601202392578126 -0.006690899729728699 2.5601202392578126 -1.1463648223876954 0.01
2.5601202392578126 -1.1463648223876954 0.005 -1.1463648223876954 0.01
0.005 -1.1463648223876954 0.0 -0.0 0.01
0.1866568946838379 -0.006380354762077331 0.6618492889404297 -0.8618199157714844 0.01
0.8101852416992188 -1.1447078704833984 1.1942887115478515 -0.19731910705566408 0.01
1.326656951904297 -0.006380354762077331 1.8049873352050783 -0.8674172973632812 0.01
1.9501852416992187 -1.1447078704833984 2.3311506652832032 -0.20494239807128906 0.01
1.766645965576172 -1.140270004272461 1.4076010131835939 -0.4658138656616211 0.01
0.5466460037231445 -1.140270004272461 0.19230808258056642 -0.4745440292358398 0.01
0.8079076385498047 -0.6587552642822265 1.0852778625488282 -0.004161392450332642 0.01
2.0079075622558595 -0.6587552642822265 2.285277862548828 -0.004161392450332642 0.01
0.07988994598388673 -0.1696883010864258 2.4865953063964845 -0.16960792541503908